7
7
[1, 4, 5, 6, 7]
[7, 6, 5, 4, 1]
[1, 5, 6, 7, 4]
[1, 4, 5, 6, 7]
[7, 6, 5, 4, 1]
[-1, 4, 5, -6, 7]
['kiwi', 'apple', 'pineapple']
['pineapple', 'apple', 'kiwi']
-15
8
-15
36
46
8
True
False
2
2
[(0, 5), (1, 6), (2, 1), (3, 3)]
0 5
1 6
2 1
3 3
[2, 5, 8, 11, 14]
deque([2, 3, 1, 5])
deque([7, 2, 3, 1, 5])
5
deque([7, 2, 3, 1])
7
deque([2, 3, 1])
deque([2, 3, 1, 10, 19, 'raj'])
deque(['striver', 89, 2, 3, 1, 10, 19, 'raj'])
deque([19, 'raj', 'striver', 89, 2, 3, 1, 10])
3
0
[(2, 3)]
[(2, 3), (3, 3), (1, 1)]
[(2, 3), (3, 3), (1, 1), (4, 1)]
[1, 2, 2, 2, 3, 3, 3, 4]
[1, 2, 2, 2, 3, 3, 3, 3, 4, 7]
[1, 2, 2, 2, 3, 3, 4, 7]
[3, 2, 2, 2]
[5]
[1, 1, 3, 3, 3, 3, 3, 2, 2, 2, 4, 4, 5]
[3, 3, 3, 3, 3, 1, 1, 4, 4, 5, 2, 2, 2]
[3, 3, 1, 4]
[3, 3, 3, 1, 4, 5, 2, 2, 2]
[1, 2, 4]
0
[7, 8, 9, 10]
OrderedDict({1: 'Raj', 3: 'striver', 2: 'tuf', 7: 'msd'})
Raj
not in dictionary
OrderedDict({1: 'Raj', 3: 'striver', 2: 'tuf', 7: 'msd', 10: 'messi'})
OrderedDict({1: 'Raj', 3: 'striver', 2: 'tuf', 10: 'messi', 7: 'msd'})
OrderedDict({10: 'messi', 1: 'Raj', 3: 'striver', 2: 'tuf', 7: 'msd'})
(7, 'msd')
OrderedDict({10: 'messi', 1: 'Raj', 3: 'striver', 2: 'tuf'})
messi
OrderedDict({1: 'Raj', 3: 'striver', 2: 'tuf'})
not in dictionary so can't pop
1
False
9
3 6 7 10
7
9
[1, 10, 7, 19, 12, 9]
[7, 10, 9, 19, 12]
7
[9, 10, 9, 19, 12]
9
[1, 10, 9, 19, 12]
[10, 7, 5, 3]
[1, 3, 5]
[-16, 1, 2, 7, 8, 6]
10
2
5
8
1
3
[(1, 5), (1, 6), (1, 7), (5, 6), (5, 7), (6, 7)]
[(1, 5, 6), (1, 5, 7), (1, 6, 7), (5, 6, 7)]
[(1, 1), (1, 5), (1, 6), (1, 7), (5, 5), (5, 6), (5, 7), (6, 6), (6, 7), (7, 7)]
[(1, 5), (1, 6), (1, 7), (5, 1), (5, 6), (5, 7), (6, 1), (6, 5), (6, 7), (7, 1), (7, 5), (7, 6)]
[(1, 3), (1, 4), (2, 3), (2, 4)]
[(1, 3, 5), (1, 3, 6), (1, 4, 5), (1, 4, 6), (2, 3, 5), (2, 3, 6), (2, 4, 5), (2, 4, 6)]
[5, 5, 5, 5, 5, 5]
[1, 2, 5, 6, 3, 4]
[1, 4, 10, 20]
[1, 3, 18, 180]
3.141592653589793
2.718281828459045
0.125
4.0
4.123105625617661
120
5
30
30
11
10
True
False
True
0.5133487106214726
7
90
7
[6, 1]
[7, 8, 6, 1]
4.872056635355596
not found
century
{2: 'striver', 3: 'tuf', 100: 'century'}
[(2, 'striver'), (3, 'tuf'), (100, 'century')]
[2, 3, 100]
['striver', 'tuf', 'century']
2 striver
3 tuf
100 century
{1, 2, 4, 6}
    STRIVER WORLD    
    striver world    
    striver world    
    Striver World    
striver world
['striver', 'world']
['    st', 'ive', ' wo', 'ld    ']
raj-striver
6
14
4
True
3
